
PCI2 (r) Location Version 
Version E5.90

3/21/2019, 1:30:14 PM

128            0.0000000		Acquisition Running
 ID     SSSSSSSS.mmmuuun      PARA1  RISE  COUN  ENER  DURATION AMP A-FRQ    RMS ASL PCNTS THR R-FRQ I-FRQ SIG STRNGTH  ABS-ENERGY FREQPP1 FREQPP2 FREQPP3 FREQPP4 FRQ-C P-FRQ
  1            0.9615948    92.3089     2     3     0        11  36   273 0.0004  15     2  33   125  1000 448.350E+00   2.219E+00      69      16       7       7   673    97
  1            0.9711998    40.7245     8     4     0        24  49   167 0.0004  15     3  33    66   375   2.830E+03  51.477E+00      93       4       2       1   392   107
  1            0.9732955  -105.8838     0     1     0         0  33     0 0.0004  15     1  33     0  1000   2.830E+03  51.477E+00      60       9      16      16   874   107
  1            0.9909295  -111.3137     0     1     0         0  36     0 0.0004  16     1  33     0  1000  21.350E+00 162.180E-03      54      21      13      13   768   126
  1            0.9971212   143.8934     0     1     0         0  36     0 0.0004  16     1  33     0  1000  33.550E+00 213.199E-03      55      21      13      11   730   136
  1            1.0182935  -165.6131     6     3     0        16  40   188 0.0004  16     2  33   111   333 686.250E+00   4.129E+00      78      12       6       4   628   136
  1            1.0592112  -214.4825    77     7     0       113  40    62 0.0004  16     4  33    85    51   2.693E+03  13.064E+00      83       9       4       4   545    97
  1            1.1780697   105.8838     0     1     0         0  33     0 0.0004  16     1  33     0  1000   2.693E+03  13.064E+00      45      13      21      22   851   947
  1            1.1786715   168.3281   179     2     0       185  34    11 0.0004  16     1  33   200     5   1.623E+03   3.076E+00      64       8      13      16   783   126
  1            1.1817997    -2.7150     0     1     0         0  33     0 0.0004  17     1  33     0  1000   0.000E+00   0.000E+00      50      11      20      18   808   107
  1            1.1823907   -29.8647     0     1     0         0  33     0 0.0004  17     1  33     0  1000   0.000E+00   0.000E+00      57       6      21      16   829   947
  1            1.1858788    65.1593   213     2     0       234  35     9 0.0004  17     1  33    50     4   1.674E+03   2.837E+00      52      17      13      18   778   126
  1            1.1866158  -255.2071     0     1     0         0  33     0 0.0004  17     1  33     0  1000   1.674E+03   2.837E+00      49       6      17      29   846   126
  1            1.1876455   366.5208     0     1     0         0  34     0 0.0004  17     1  33     0  1000  15.250E+00  90.493E-03      60      13      17      10   759    97
  1            1.1889465   388.2406    83     5     0       110  36    45 0.0004  17     4  33    38    48   1.586E+03   4.612E+00      74       9       9       8   663    87
  1            1.1896850   -29.8647     4     1     0         6  34   167 0.0004  17     1  33     0   250 204.350E+00 871.509E-03      71       5      13      11   746   126
  1            1.1902690   206.3376     3     1     0         3  35   333 0.0004  17     1  33     0   333 115.900E+00 509.722E-03      72       5      12      11   751   126
  1            1.1921427   133.0335     0     1     0         0  34     0 0.0004  17     1  33     0  1000   9.150E+00  57.908E-03      52      15      18      15   809   117
  1            1.2048945   279.6418   286    10     1       535  42    19 0.0004  17     6  33    16    20   6.695E+03  26.033E+00      87       7       3       3   535   117
  1            1.2065780   -35.2946     0     1     0         0  35     0 0.0004  17     1  33     0  1000  24.400E+00 163.297E-03      55      22      15       9   728   126
  1            1.2100753   154.7532     5     3     0       142  41    21 0.0004  17     1  33    14   200   1.754E+03   5.972E+00      85       3       5       7   643    97
  1            1.2155125  -122.1736   404     4     0       408  34    10 0.0004  17     4  33     0     9   3.572E+03   7.275E+00      79       9       8       5   689   136
  1            1.2197513   187.3329     0     1     0         0  34     0 0.0004  18     1  33     0  1000   9.150E+00  53.812E-03      56      16      18      10   806   107
  1            1.2202880   287.7867     0     1     0         0  35     0 0.0004  18     1  33     0  1000   9.150E+00  77.273E-03      59       9      16      16   809   146
  1            1.2224922   274.2119     3     2     0         6  36   333 0.0004  18     1  33   500   333 222.650E+00   1.024E+00      56      19      13      12   766   947
  1            1.2256532   211.7676     0     1     0         0  33     0 0.0004  18     1  33     0  1000   9.150E+00  50.646E-03      44      21      22      14   788   117
  1            1.2338645    51.5844    29     2     0        30  33    67 0.0004  18     2  33     0    68 402.600E+00 994.867E-03      65      13      12      11   753   107
  1            1.2352370   236.2023     0     1     0         2  34   500 0.0004  18     1  33     0  1000  54.900E+00 223.254E-03      51      15      22      13   813   527
  1            1.2358388   -89.5940     0     1     0         0  35     0 0.0004  18     1  33     0  1000   9.150E+00  79.321E-03      45      18      19      18   755   156
  1            1.2400230   195.4778   407     4     1       668  34     6 0.0004  18     3  33     3     7   5.728E+03  10.477E+00      55      13      20      12   743   136
  1            1.2442843    70.5892   177     1     0       177  33     6 0.0004  18     1  33     0     5   1.464E+03   2.607E+00      61      11      13      14   765   117
  1            1.2457102   103.1688   264    13     2       362  50    36 0.0004  18     9  33    41    34   9.382E+03 106.509E+00      90       7       1       1   407   117
  1            1.2466583    57.0143     0     1     2         0  33     0 0.0004  18     1  33     0  1000   9.382E+03 106.509E+00      36       8      27      29   857   126
  1            1.2472108   -92.3089   532     6     2       989  34     6 0.0004  18     3  33     6     5   9.595E+03  19.049E+00      60       5      17      18   744   117
  1            1.2484655   -13.5748   997    82     6       999  50    82 0.0004  18    82  33     0    82  30.253E+03 314.900E+00      57       6      23      13   695   126
  1            1.2497258   157.4682   496    42     3       956  42    44 0.0006  19    32  33    21    64  14.603E+03  49.089E+00      38      14      23      25   687   126
  1            1.2510525   143.8934   200     3     0       200  34    15 0.0006  19     3  33     0    15   2.251E+03   4.921E+00      53       9      20      18   730   117
  1            1.2524098    29.8647    91     3     0       143  34    21 0.0006  19     2  33    19    21   1.549E+03   3.250E+00      56       8      18      18   761   947
  1            1.2538540   293.2166     0     1     0         0  33     0 0.0006  19     1  33     0  1000   1.549E+03   3.250E+00      55      12      15      18   720   107
  1            1.2551183  -124.8886   161     1     0       161  33     6 0.0006  19     1  33     0     6   1.443E+03   2.642E+00      35      10      28      27   835   947
  1            1.2558110  -181.9029   196     6     1       514  34    12 0.0006  19     3  33     9    15   5.365E+03  11.328E+00      60       9      16      15   725   117
  1            1.2568458   192.7628     1     3     0       168  33    18 0.0006  19     1  33    12  1000   1.729E+03   3.652E+00      56      11      21      13   794   146
  1            1.2575750    84.1640    19     1     0        19  33    53 0.0006  19     1  33     0    52 201.300E+00 444.180E-03      48       8      30      14   803   126
  1            1.2593018    70.5892     0     1     0         0  33     0 0.0006  19     1  33     0  1000 201.300E+00 444.180E-03      29       9      32      30   837   527
  1            1.2598320   141.1784     0     1     0         0  33     0 0.0006  19     1  33     0  1000 201.300E+00 444.180E-03      37       8      24      31   820   527
  1            1.2604982   -24.4347    17     1     0        17  33    59 0.0006  19     1  33     0    58 167.750E+00 312.909E-03      40      10      19      32   803   947
  1            1.2613103   209.0526   280     6     2       975  36     6 0.0006  19     2  33     5     7   9.303E+03  18.172E+00      41      11      21      27   818   947
  1            1.2626198   -29.8647     8     3     0        31  35    97 0.0006  19     1  33    90   125 555.100E+00   1.546E+00      51      10      17      23   785   117
  1            1.2636473   114.0287   195    10     1       545  40    18 0.0006  19     5  33    14    25   6.673E+03  19.023E+00      78       7       7       7   591    97
  1            1.2649518   143.8934   196     8     2       898  34     9 0.0006  19     2  33     8    10   9.278E+03  18.769E+00      36       4      31      29   849   126
  1            1.2662505   -24.4347     1    10     2       902  38    11 0.0006  19     1  33    10  1000  10.498E+03  25.903E+00      67      13      11       9   601   107
  1            1.2687323   255.2071   151     5     0       372  36    13 0.0006  19     3  33     9    19   3.788E+03   7.926E+00      39      16      19      25   738   527
  1            1.2698645    76.0191     0     1     0         0  33     0 0.0006  20     1  33     0  1000   0.000E+00   0.000E+00      48       6      25      21   895   136
  1            1.2710190    46.1545   159     3     0       159  34    19 0.0006  20     3  33     0    18   1.702E+03   3.746E+00      59       8      18      15   741   107
  1            1.2719005   133.0335    53     5     0       296  36    17 0.0006  20     2  33    12    37   3.142E+03   6.943E+00      48      12      20      20   762   947
  1            1.2742808     5.4299   220    16     2       864  40    19 0.0006  20     7  33    13    31   9.812E+03  26.417E+00      64      10      15      11   623   117
  1            1.2757188   179.1879   146    51     2       569  43    90 0.0006  20     8  33   101    54  10.614E+03  41.918E+00      46      14      21      19   677   947
  1            1.2778802   -89.5940   851    64     3       998  43    64 0.0006  20    47  33   116    55  16.528E+03  62.608E+00      28      11      33      28   856   947
  1            1.2791298   176.4730    18    25     2       190  50   132 0.0006  20     4  33   122   222   9.171E+03  99.945E+00      75      18       4       3   402   146
  1            1.2798303   -40.7245   358   110     4       998  46   110 0.0006  20    24  33   134    67  19.962E+03  95.185E+00      32      15      33      21   734   517
  1            1.2810795   209.0526   384   139     7       998  54   139 0.0006  20    65  33   120   169  34.755E+03 367.734E+00      83       9       5       3   410   146
  1            1.2823295    84.1640   345   115     8       999  52   115 0.0006  20    33  33   125    95  36.173E+03 416.402E+00      24      18      44      15   680   517
  1            1.2835803   -92.3089   134    75     3       815  42    92 0.0006  20    16  33    86   119  15.235E+03  60.327E+00      55       8      22      16   577    97
  1            1.2849792    48.8694     4     1     0         4  33   250 0.0006  20     1  33     0   250 103.700E+00 344.563E-03      23       7      44      25   867   527
  1            1.2868062   -73.3042   142     2     0       142  33    14 0.0006  20     2  33     0    14   1.510E+03   3.062E+00      33       9      28      30   801   527
  1            1.2903115   247.0622   176     6     1       754  35     8 0.0008  22     2  33     6    11   7.530E+03  15.261E+00      46      11      25      18   756   517
  1            1.2919523    76.0191   247     8     2       946  35     8 0.0008  22     3  33     7    12   9.726E+03  20.265E+00      31       5      38      25   783   517
  1            1.2933035   206.3376   175     3     0       215  33    14 0.0008  22     3  33     0    17   2.406E+03   5.296E+00      21       8      34      37   822   527
  1            1.2950682   176.4730    44     2     0        63  33    32 0.0008  22     2  33     0    45 750.300E+00   1.728E+00      21      10      35      33   843   947
  1            1.2956630   -59.7293    82     7     0       145  37    48 0.0008  22     4  33    47    48   1.815E+03   4.561E+00      26       6      33      35   816   947
  1            1.2964973   -43.4395   238     6     1       455  35    13 0.0008  22     2  33    18     8   4.956E+03  10.524E+00      30       8      35      26   775   517
  1            1.2987233   333.9412   180     2     0       180  34    11 0.0008  22     2  33     0    11   1.735E+03   3.335E+00      29      10      38      24   826   576
  1            1.3068938   192.7628     0     1     0         0  33     0 0.0008  22     1  33     0  1000   1.735E+03   3.335E+00      35      15      36      14   907   576
  1            1.4086713   135.7484     1     2     0        10  42   200 0.0008  22     1  33   125  1000 655.750E+00   5.582E+00      68      21       7       4   567   117
  1            1.4275025   192.7628    30     5     0        42  44   119 0.0008  22     4  33    90   133   1.760E+03  13.092E+00      71      13       7       8   639    87
  1            1.4320710   -89.5940     0     2     0        10  42   200 0.0008  22     1  33   111  1000 616.100E+00   4.971E+00      79      11       6       4   572   107
  1            1.4326698   -21.7198     0     1     0         0  33     0 0.0008  22     1  33     0  1000 616.100E+00   4.971E+00      43      11      24      23   877   947
  1            1.4600098   -67.8742     0     1     0         0  33     0 0.0008  22     1  33     0  1000 616.100E+00   4.971E+00      39       5      26      30   885   527
  1            1.4784477    35.2946   196     2     0       216  33     9 0.0008  22     2  33     0    10   2.117E+03   4.280E+00      44      17      16      23   748   585
  1            1.4803313  -168.3281     0     1     0         0  33     0 0.0008  22     1  33     0  1000   2.117E+03   4.280E+00      35       7      28      30   893   947
  1            1.4818800    89.5940   133     1     0       133  33     8 0.0008  22     1  33     0     7   1.107E+03   1.813E+00      35       8      32      25   871   517
  1            1.4827602   263.3520   134     1     0       134  33     7 0.0008  22     1  33     0     7   1.250E+03   2.261E+00      28       7      36      29   877   947
  1            1.4849720    27.1497     0     1     0         0  33     0 0.0008  22     1  33     0  1000   1.250E+03   2.261E+00      36       6      23      36   869   126
  1            1.4867423   154.7532    63     1     0        63  33    16 0.0008  22     1  33     0    15 481.900E+00 828.497E-03      35       6      25      35   866   126
  1            1.4881508  -146.6083   268     2     0       268  35     7 0.0008  22     2  33     0     7   2.470E+03   4.668E+00      41       7      22      31   842   126
  1            1.4897350     5.4299     0     1     0         0  33     0 0.0008  22     1  33     0  1000   0.000E+00   0.000E+00      33       7      27      33   882   126
  1            1.4902468    92.3089     9     3     1        26  55   115 0.0008  22     2  33    58   222   5.264E+03 181.569E+00      90       9       1       0   297   107
  1            1.4910097   -13.5748     0     1     0         0  33     0 0.0008  22     1  33     0  1000   0.000E+00   0.000E+00      38       7      30      25   849   947
  1            1.4931255   -29.8647   193     3     0       387  35     8 0.0008  22     2  33     5    10   3.593E+03   6.950E+00      44       6      25      25   813   947
  1            1.4952745    95.0239     0     1     0         0  33     0 0.0008  22     1  33     0  1000   3.593E+03   6.950E+00      24       9      31      37   911   947
  1            1.4963733   114.0287   337     7     1       492  45    14 0.0008  22     5  33    12    14   6.063E+03  26.017E+00      62      17      10      11   638   126
  1            1.4974398  -222.6275   112     4     0       361  33    11 0.0008  22     2  33     8    17   3.556E+03   6.881E+00      39      10      31      21   817   947
  1            1.5048688   181.9029     0     1     0         0  33     0 0.0008  22     1  33     0  1000   3.556E+03   6.881E+00      31       8      31      30   897   517
  1            1.5187725    51.5844   306    16     2       969  35    17 0.0008  22     7  33    13    22  11.053E+03  24.632E+00      39      14      24      23   745   947
  1            1.5200663   162.8981   616    15     2       995  36    15 0.0008  22     9  33    15    14  11.825E+03  26.729E+00      35       7      23      35   774   595
  1            1.5213257    67.8742   621    31     2       967  39    32 0.0008  22    19  33    34    30  13.155E+03  37.206E+00      67       7      12      14   628   107
  1            1.5225967   143.8934   366    23     2       997  36    23 0.0008  22    10  33    20    27  12.142E+03  27.848E+00      20       8      37      34   831   947
  1            1.5238735   192.7628   948    14     2       982  47    14 0.0008  22    10  33   121    10  12.166E+03  42.825E+00      36       4      34      26   802   576
  1            1.5256515   184.6179   198    15     2       931  36    16 0.0008  22     6  33    12    30  10.516E+03  23.557E+00      56       9      16      18   678   126
  1            1.5269825   -62.4443   353    10     1       765  35    13 0.0008  22     7  33     7    19   7.277E+03  14.772E+00      34       9      24      33   827   947
  1            1.5290770   236.2023   347     4     1       591  34     7 0.0010  23     3  33     4     8   5.777E+03  11.341E+00      32      10      28      30   798   947
  1            1.5336988   268.7819    64     1     0        64  33    16 0.0010  23     1  33     0    15 597.800E+00   1.125E+00      41       6      27      25   829   517
  1            1.5343920   -78.7341   152     4     0       363  34    11 0.0010  23     3  33     4    19   3.968E+03   8.870E+00      46      10      22      21   771   527
  1            1.5352583   -19.0048   193     3     0       355  34     8 0.0010  23     2  33     6    10   3.172E+03   5.953E+00      46       7      23      24   764   585
  1            1.5403118    -5.4299   115     2     0       115  34    17 0.0010  23     2  33     0    17   1.037E+03   1.917E+00      27      10      39      25   868   517
  1            1.5415103   157.4682    68     2     0       253  34     8 0.0010  23     1  33     5    14   2.315E+03   4.294E+00      23       7      42      27   840   576
  1            1.5436748   176.4730   716    11     2       985  36    11 0.0010  23     8  33    11    11  10.065E+03  20.672E+00      38       7      26      29   789   527
  1            1.5456043   -54.2994   333     2     1       476  33     4 0.0010  23     2  33     0     6   4.502E+03   8.723E+00      29       7      33      31   844   585
  1            1.5487530    59.7293    23     2     0        87  35    23 0.0010  23     2  33     0    86   1.007E+03   2.290E+00      36      10      35      20   788   517
  1            1.5496538  -122.1736     0     1     0         0  33     0 0.0010  23     1  33     0  1000   1.007E+03   2.290E+00      23       8      49      20   865   517
  1            1.5510215   426.2501   187     2     0       313  34     6 0.0010  23     2  33     0    10   3.010E+03   5.886E+00      22      12      37      29   855   947
  1            1.5520193     2.7150   188     2     0       205  33    10 0.0010  23     1  33    62     5   1.830E+03   3.504E+00      33       5      27      36   796   585
  1            1.5527560  -181.9029    64    29     2       899  36    32 0.0010  23     2  33    32    31  11.007E+03  26.501E+00      47       7      19      27   739   117
  1            1.5540482  -111.3137    14     2     0        14  33   143 0.0010  23     2  33     0   142 167.750E+00 398.468E-03      30       8      32      30   813   517
  1            1.5548730   -19.0048    23     2     0       106  33    19 0.0010  23     1  33    12    43   1.272E+03   2.778E+00      23       7      36      35   850   947
  1            1.5577245   116.7437   308    19     2       844  37    23 0.0010  23    12  33    13    38  10.062E+03  23.348E+00      31      12      29      28   773   947
  1            1.5653133   -19.0048   899    88     3       998  39    88 0.0010  23    78  33   102    86  16.284E+03  50.113E+00      20       7      43      30   771   517
  1            1.5665673   228.0574   658   102     3       993  38   103 0.0010  23    63  33   116    95  17.489E+03  55.676E+00      31       6      34      29   704   585
  1            1.5678170   241.6322    46    69     2       895  38    77 0.0010  23     9  33    70   195  13.243E+03  37.627E+00      16       8      40      36   772   947
  1            1.5691003   187.3329   874    28     2       989  38    28 0.0010  23    20  33    70    22  12.252E+03  29.098E+00      10       6      47      37   825   527
  1            1.5703638    95.0239   793    11     2       971  35    11 0.0010  23     9  33    11    11  10.937E+03  23.505E+00      13       7      44      37   853   947
  1            1.5722935  -135.7484   321     8     1       402  34    20 0.0010  23     6  33    24    18   4.523E+03   9.902E+00      14       5      56      26   848   517
  1            1.5753015   -89.5940   135     2     0       135  33    15 0.0010  23     2  33     0    14   1.238E+03   2.401E+00      13       9      47      30   856   517
  1            1.5760238   306.7915   717    56     2       830  37    67 0.0010  23    49  33    62    68  12.734E+03  36.214E+00      15      10      51      23   780   527
  1            1.5772735  -154.7532   334    25     1       689  36    36 0.0010  23    19  33    16    56   8.668E+03  21.041E+00      16       8      43      33   798   527
  1            1.5784988  -271.4969    53     3     0        53  34    57 0.0010  23     3  33     0    56 661.850E+00   1.584E+00      14       9      48      29   857   527
  1            1.5811145   255.2071   503     8     1       503  36    16 0.0010  23     8  33     0    15   5.456E+03  11.610E+00      11       7      53      29   846   517
  1            1.5826308  -146.6083   126     1     0       126  33     8 0.0010  23     1  33     0     7   1.196E+03   2.250E+00      11       6      59      24   904   517
  1            1.5836578   214.4825    48     1     0        48  33    21 0.0010  23     1  33     0    20 442.250E+00 825.611E-03      15       7      54      24   865   517
  1            1.5843780    10.8599    58     1     0        58  33    17 0.0010  23     1  33     0    17 628.300E+00   1.326E+00      16       8      54      23   863   527
  1            1.5966610   127.6035   156    15     1       779  36    19 0.0010  23     7  33    12    44   8.811E+03  19.687E+00      19       9      39      33   764   517
  1            1.6035008    54.2994    51     3     0       103  34    29 0.0010  23     2  33    19    39   1.110E+03   2.413E+00      12       8      45      35   841   527
  1            1.6045905   -89.5940     0     1     0         0  33     0 0.0010  23     1  33     0  1000   1.110E+03   2.413E+00      21       7      47      24   922   517
  1            1.6055878  -111.3137     0     1     0         0  33     0 0.0010  23     1  33     0  1000   1.110E+03   2.413E+00      16       9      53      21   886   517
  1            1.6069405   404.5304     0     1     0         0  33     0 0.0010  23     1  33     0  1000   0.000E+00   0.000E+00      23       6      54      17   875   517
  1            1.6219198  -143.8934     0     1     0         0  33     0 0.0010  23     1  33     0  1000   0.000E+00   0.000E+00      17       6      50      27   859   517
  1            1.6228795    89.5940     0     1     0         0  33     0 0.0010  23     1  33     0  1000   0.000E+00   0.000E+00      16       6      56      22   896   517
  1            1.6235463   -21.7198     0     1     0         0  33     0 0.0010  23     1  33     0  1000   0.000E+00   0.000E+00      13       7      52      28   895   517
  1            1.6253362  -103.1688    89     1     0        89  33    11 0.0010  23     1  33     0    11 869.250E+00   1.738E+00      20       7      49      24   889   517
  1            1.6269368   247.0622   119     1     0       119  33     8 0.0010  23     1  33     0     8   1.025E+03   1.863E+00      16       6      49      28   901   527
  1            1.6301835   116.7437     0     1     0         0  33     0 0.0002  10     1  33     0  1000   3.050E+00  20.203E-03      85      13       1       1   879   117
  1            1.7096860     2.7150   899   134     5      1000  43   134 0.0010  23   122  33   120   135  24.845E+03 116.238E+00      41      12      26      21   681   947
  1            1.7109378     5.4299   311   137     5       998  43   137 0.0010  23    38  33   144   122  24.077E+03 107.591E+00      75       8       8       9   501    97
  1            1.7121917   301.3615   967   149     4       999  39   149 0.0010  23   144  33   161   148  18.642E+03  61.678E+00      36       6      27      31   714   947
  1            1.7134422  -141.1784   737    34     2       941  42    36 0.0010  23    26  33    39    35  12.499E+03  32.255E+00      12       5      54      28   816   517
  1            1.7147207    84.1640   384     9     1       436  35    21 0.0010  23     7  33    39    18   5.347E+03  12.465E+00      15       4      60      21   812   517
  1            1.7156662    19.0048   129     2     0       129  34    16 0.0010  23     2  33     0    15   1.397E+03   2.889E+00      10       5      58      26   843   517
  1            1.7167937   192.7628   685    82     3       971  39    84 0.0010  23    42  33   140    61  15.152E+03  45.499E+00       9       5      54      31   869   576
  1            1.7180718  -127.6035   949   114     3      1000  40   114 0.0010  23   109  33   100   114  17.507E+03  56.572E+00      19       5      30      46   755   585
  1            1.7193343   133.0335    40    87     3       995  38    87 0.0010  24     3  33    88    75  15.961E+03  47.230E+00      31       7      27      34   729   947
  1            1.7205913    81.4491   727    61     2       870  37    70 0.0010  24    54  33    48    74  12.908E+03  35.545E+00      29       7      27      38   769   947
  1            1.7218935   306.7915   456    23     2       952  36    24 0.0010  24     6  33    34    13  10.910E+03  24.771E+00      18       5      38      38   827   517
  1            1.7231873   173.7580   254    46     3       938  38    49 0.0010  24    15  33    45    59  13.383E+03  35.708E+00      32       8      30      31   741   947
  1            1.7244445    59.7293   861    38     3       990  36    38 0.0010  24    34  33    31    39  13.817E+03  35.169E+00      19      10      39      32   790   517
  1            1.7257535   -21.7198   714    40     3       993  36    40 0.0010  24    24  33    57    33  13.536E+03  34.494E+00      23       5      35      37   808   585
  1            1.7270037    84.1640     5   101     3       991  38   102 0.0010  24     2  33   100   400  16.549E+03  50.849E+00      29      11      28      31   713   947
  1            1.7282602   111.3137   515    82     3       986  39    83 0.0010  24    45  33    78    87  17.062E+03  54.372E+00      33       5      24      37   715   126
  1            1.7295508    76.0191   893    85     3       971  38    88 0.0010  24    76  33   116    85  16.067E+03  48.256E+00      33       6      33      28   722   517
  1            1.7308643     2.7150   283    83     3       997  39    83 0.0010  24    16  33    93    56  15.387E+03  44.777E+00      15       3      47      34   835   947
  1            1.7321165    51.5844   527    18     2       758  35    24 0.0010  24    13  33    21    24   8.857E+03  20.084E+00      19       9      44      28   773   517
  1            1.7333860    35.2946   776   150     4       998  41   150 0.0010  24   116  33   153   149  19.581E+03  70.692E+00      17       4      52      26   808   947
  1            1.7346375   -13.5748    87   188     4       993  42   189 0.0010  24    15  33   191   172  20.920E+03  80.564E+00      17       5      44      34   706   527
  1            1.7358880   203.6227   606   144     4       999  42   144 0.0010  24    72  33   183   118  20.298E+03  76.915E+00      11       4      41      44   763   527
  1            1.7372337   143.8934   527    64     2       819  40    78 0.0010  24    43  33    71    81  12.764E+03  40.621E+00      15       7      43      35   725   585
  1            1.7384893  -111.3137   757   235     5       999  42   235 0.0010  24   178  33   236   235  25.159E+03 110.614E+00      33       6      31      30   669   947
  1            1.7397390    73.3042   185   250     5       998  43   251 0.0012  24    62  33   231   335  23.909E+03 101.708E+00      25       7      38      30   691   947
  1            1.7409928   225.3424   193   159     4       925  42   172 0.0012  24    34  33   170   176  20.408E+03  80.600E+00      24       4      41      31   701   517
  1            1.7422425   -32.5796   399   179     4      1000  42   179 0.0012  24    95  33   140   238  21.438E+03  83.354E+00      18       3      46      33   734   517
  1            1.7435003   198.1927   106    92     3       995  39    92 0.0012  24    16  33    85   150  16.232E+03  50.097E+00      27       5      39      29   719   527
  1            1.7447520    16.2898    68    27     2       922  37    29 0.0012  24     9  33    21   132  10.864E+03  25.679E+00      11       5      45      39   796   527
  1            1.7464098   165.6131   974   242     7       999  44   242 0.0012  24   233  33   375   239  31.888E+03 176.538E+00      40      10      30      21   655   947
  1            1.7476608   146.6083    41   152     4       995  43   153 0.0012  24    15  33   143   365  20.627E+03  86.499E+00      32       3      34      31   651   576
  1            1.7489272  -119.4586   396   139     4       972  41   143 0.0012  24    43  33   166   108  19.026E+03  68.245E+00      18       4      59      19   715   517
  1            1.7501768   203.6227   696   303     6      1000  43   303 0.0012  24   230  33   240   330  28.999E+03 151.277E+00      29       9      35      27   616   947
  1            1.7514270  -255.2071   233   261     6       998  44   262 0.0012  24    90  33   223   386  27.804E+03 139.666E+00      27       8      32      33   634   527
  1            1.7526773   149.3233   481   370     7       998  46   371 0.0012  24   182  33   364   378  34.828E+03 219.034E+00      32       5      35      27   640   947
  1            1.7539437   138.4634   832   144     4       976  43   148 0.0012  24   116  33   195   139  20.606E+03  84.303E+00      15       3      63      19   767   517
  1            1.7552120  -157.4682   314   162     4       955  41   170 0.0012  24    57  33   164   181  20.465E+03  78.780E+00      12       4      58      25   715   517
  1            1.7565218   483.2645   379    38     2       998  39    38 0.0012  24    16  33    35    42  12.978E+03  32.647E+00      11       3      67      19   832   517
  1            1.7577718  -320.3663   233   147     4       999  41   147 0.0012  24    32  33   150   137  19.316E+03  69.453E+00      28      10      35      27   701   947
  1            1.7590343    84.1640    74    80     3       856  42    93 0.0012  25    18  33    79   243  13.893E+03  47.750E+00      24       7      39      29   667   576
  1            1.7631838    -2.7150     0     1     3         0  33     0 0.0012  25     1  33     0  1000  13.893E+03  47.750E+00      14       5      67      14   900   517
  1            1.7648835   -62.4443   947   344     8       999  46   344 0.0012  25   329  33   294   347  35.664E+03 225.762E+00      53       6      23      18   606   126
  1            1.7661340   116.7437    55   385     8      1000  48   385 0.0012  25    30  33   376   545  37.481E+03 241.284E+00      15       4      43      38   673   947
  1            1.7673835   -46.1545   523   396     7      1000  44   396 0.0012  25   175  33   464   334  34.492E+03 201.548E+00       9       5      50      36   698   517
  1            1.7686340   162.8981   847   358     8      1000  46   358 0.0012  25   311  33   309   367  36.039E+03 223.000E+00      29       4      27      40   651   947
  1            1.7698835    76.0191   422   185     4       925  42   200 0.0012  25    85  33   199   201  21.512E+03  92.148E+00      21       7      40      32   695   527
  1            1.7711345  -133.0335   728   282     7      1000  45   282 0.0012  25   170  33   413   233  31.028E+03 168.592E+00      29       8      27      36   637   585
  1            1.7723845   119.4586   725   498    10       999  45   498 0.0012  25   357  33   516   492  45.659E+03 347.783E+00      19       3      37      40   679   947
  1            1.7736378    -2.7150   845   455    10      1000  47   455 0.0012  25   384  33   461   454  45.927E+03 352.606E+00      13       4      47      36   659   517
  1            1.7748875   214.4825   754   353     9      1000  48   353 0.0012  25   264  33   363   350  43.472E+03 330.751E+00      31       4      36      29   597   517
  1            1.7761392  -133.0335    58   431     9       999  47   431 0.0012  25    20  33   437   344  41.321E+03 297.653E+00      36       3      27      34   607   947
  1            1.7773888   -89.5940   995   388     8       999  46   388 0.0012  25   386  33   666   387  38.015E+03 249.084E+00      11       7      40      41   676   947
  1            1.7786385   -48.8694   903   347     9      1000  47   347 0.0012  25   317  33   312   351  41.111E+03 286.392E+00      31       4      28      37   641   947
  1            1.7798933   114.0287   104   205     5       992  41   207 0.0014  26    26  33   201   250  22.954E+03  93.534E+00      35       5      30      30   618   595
  1            1.7811425   -73.3042   441   201     4       995  42   202 0.0014  26   115  33   155   260  21.438E+03  82.812E+00      22       7      39      32   725   947
  1            1.7823928   -67.8742   612   216     5      1000  42   216 0.0014  26   116  33   258   189  25.629E+03 117.943E+00      32       8      38      22   687   576
  1            1.7836425    38.0096   184   340     8       999  48   340 0.0014  26    66  33   336   358  38.512E+03 273.296E+00      67       6      12      15   514    97
  1            1.7848928    -8.1449   161   282     7       997  44   283 0.0014  26    55  33   271   341  31.564E+03 178.646E+00      37       6      28      29   612   947
  1            1.7861458   328.5112   315   200     4      1000  40   200 0.0014  26    51  33   217   161  21.466E+03  81.534E+00      18       5      31      46   735   585
  1            1.7873957   -24.4347   384   121     4       993  40   122 0.0014  26    59  33   101   153  17.867E+03  58.287E+00      19       6      30      45   735   947
  1            1.7887695   -54.2994   299    77     3       999  39    77 0.0014  26    13  33    91    43  15.561E+03  45.390E+00      14       6      49      32   803   517
  1            1.7900277   350.2310   444    83     3       993  38    84 0.0014  26    45  33    69   101  15.503E+03  46.153E+00      31       4      36      29   745   517
  1            1.7912885   171.0430   639   169     4       993  40   170 0.0014  26   112  33   161   175  20.929E+03  78.893E+00      34       9      35      22   708   947
  1            1.7925388   -10.8599   976   246     6       998  48   246 0.0014  26   240  33   285   245  28.338E+03 157.583E+00      21       4      34      41   677   585
  1            1.7937892   -27.1497   877   433    12      1000  49   433 0.0014  26   390  33   349   444  53.168E+03 474.239E+00      54       5      17      24   567   947
  1            1.7950385   176.4730   439   504    12       999  50   505 0.0014  26   196  33   550   446  55.663E+03 524.547E+00      36       4      22      38   571   605
  1            1.7962885   -24.4347   131   495    13       999  51   495 0.0014  26    60  33   501   458  61.403E+03 633.564E+00      48       4      19      30   563   126
  1            1.7975385   -13.5748   224   505    13      1000  49   505 0.0014  26   106  33   514   473  57.563E+03 544.835E+00      30       2      35      34   633   126
  1            1.7987887  -160.1832   142   413    13       999  63   413 0.0018  28    65  33   406   457  58.780E+03   1.428E+03      60       6      18      16   499   126
  1            1.8000458  -116.7437   497   117     3       997  39   117 0.0018  28    81  33    72   162  17.129E+03  55.868E+00      21       4      44      31   729   947
  1            1.8014382  -116.7437   870    74     3       999  42    74 0.0018  28    51  33   179    58  16.009E+03  50.476E+00      23       6      43      29   723   527
  1            1.8026875   187.3329    27   151     4      1000  42   151 0.0018  28     5  33   150   185  21.213E+03  84.300E+00      58       5      20      17   605   117
  1            1.8039512   -35.2946   341    68     3       987  38    69 0.0018  28    19  33    75    55  15.381E+03  44.074E+00      30       7      37      26   748   527
  1            1.8052213   -46.1545    15     4     0       247  35    16 0.0018  28     2  33     8   133   2.727E+03   5.888E+00      19       8      42      31   788   517
  1            1.8059773   257.9221   618    68     3       989  37    69 0.0018  28    44  33    64    71  14.728E+03  40.599E+00      15       5      44      35   815   517
  1            1.8072270    51.5844   810    50     3       981  45    51 0.0018  28    39  33    64    48  16.058E+03  57.676E+00      45       6      28      20   706   576
  1            1.8084943   211.7676   533    93     3       999  41    93 0.0018  28    54  33    83   101  16.598E+03  51.612E+00      30      10      31      29   746   947
  1            1.8097773   -95.0239   672    54     3       999  37    54 0.0018  28    26  33    85    38  13.966E+03  37.372E+00      21       6      38      34   793   527
  1            1.8110315   162.8981   784    41     3       991  38    41 0.0018  28    30  33    53    38  13.597E+03  36.800E+00      24      10      42      23   800   527
  1            1.8125655   198.1927     0     1     0         0  34     0 0.0018  28     1  33     0  1000   3.050E+00  31.002E-03      36       8      36      21   817   527
  1            1.8137880   130.3185   265    23     2       999  37    23 0.0018  28     8  33    20    30  12.407E+03  29.386E+00      26       7      41      26   797   517
  1            1.8150395   154.7532   430    31     2       974  37    32 0.0018  28    10  33    38    23  12.353E+03  30.332E+00      39      10      34      16   738   517
  1            1.8163128    70.5892    22     7     0        88  38    80 0.0018  28     2  33    76    90   1.427E+03   4.389E+00      41       8      29      22   762   576
  1            1.8169803    -2.7150    31     9     0       200  35    45 0.0018  28     2  33    41    64   2.818E+03   7.433E+00      39       7      32      22   730   517
  1            1.8178132   168.3281    17     2     0        17  34   118 0.0018  28     2  33     0   117 271.450E+00 698.995E-03      33       9      32      26   818   527
  1            1.8193925   198.1927    17     2     0        17  34   118 0.0018  28     2  33     0   117 292.800E+00 875.978E-03      39       9      24      28   829   527
  1            1.8202573     2.7150   561    14     2       802  37    17 0.0018  28    11  33    12    19   9.129E+03  20.205E+00      37       7      31      25   778   585
  1            1.8215868    81.4491    71     6     1       657  34     9 0.0018  28     2  33     6    28   6.213E+03  12.285E+00      29       8      38      25   833   947
  1            1.8230077  -309.5065   307     5     0       307  34    16 0.0018  28     5  33     0    16   3.428E+03   7.385E+00      31       8      34      26   789   517
  1            1.8250208  -122.1736   134    23     2       997  35    23 0.0018  28     7  33    18    52  12.057E+03  28.478E+00      48       6      25      21   708   126
  1            1.8262858   181.9029     0     4     1       615  34     7 0.0018  28     1  33     4  1000   6.170E+03  12.296E+00      21       7      37      35   810   527
  1            1.8304657    29.8647   781    24     2       912  36    26 0.0018  28    21  33    23    26  11.489E+03  27.528E+00      32       8      32      28   757   517
  1            1.8318002   -13.5748    81     5     0       243  34    21 0.0018  28     2  33    18    24   2.376E+03   4.844E+00      27       9      40      24   827   517
  1            1.8367688   -65.1593    39     7     2       934  35     7 0.0018  28     1  33     6    25   9.449E+03  19.090E+00      19       7      31      43   857   585
  1            1.8381693   116.7437    86     2     0        86  34    23 0.0018  28     2  33     0    23 829.600E+00   1.704E+00      33       5      39      22   850   517
  1            1.8390895   122.1736   134     1     0       134  34     7 0.0018  28     1  33     0     7   1.257E+03   2.330E+00      24       7      40      29   877   517
  1            1.8412120    57.0143   109     3     0       110  35    27 0.0018  28     3  33     0    27   1.193E+03   2.599E+00      20      10      46      24   847   947
  1            1.8454163   141.1784   372    14     1       523  36    27 0.0018  28    11  33    20    29   6.689E+03  16.459E+00      41       5      22      32   778   947
  1            1.8504052  -236.2023     0     1     0         0  33     0 0.0018  28     1  33     0  1000   0.000E+00   0.000E+00      23       7      39      31   848   517
  1            1.8530825   105.8838   631    10     1       648  36    15 0.0018  28     9  33    62    14   7.094E+03  15.740E+00      43       8      22      27   800   585
  1            1.8551738   -35.2946    23     3     1       548  35     5 0.0018  28     1  33     3    43   5.466E+03  10.696E+00      31       7      37      26   832   517
  1            1.8596528    35.2946   142    12     2       893  35    13 0.0018  28     2  33    13    14   9.193E+03  19.189E+00      16       9      38      37   840   527
  1            1.8609495  -263.3520   105     1     0       105  33    10 0.0018  28     1  33     0     9   1.226E+03   2.612E+00      25       7      30      38   839   947
  1            1.8615645    89.5940   183     1     0       183  33     5 0.0018  28     1  33     0     5   1.531E+03   2.735E+00      30       8      35      28   842   527
  1            2.0012932  -133.0335   260     3     0       261  34    11 0.0018  28     3  33     0    11   1.970E+03   3.561E+00      26       6      48      19   822   527
  1            2.0027737   -35.2946    70     2     0        70  34    29 0.0018  28     2  33     0    28 774.700E+00   1.665E+00      17      11      40      32   815   527
  1            2.0034560   -24.4347    62     1     0        62  33    16 0.0018  28     1  33     0    16 558.150E+00   1.045E+00      16       5      53      26   864   527
  1            2.0041187  -214.4825   163    16     1       702  36    23 0.0018  28     7  33    16    42   7.805E+03  17.613E+00      19       9      38      34   778   585
  1            2.0057447    57.0143     0     1     1         0  33     0 0.0018  28     1  33     0  1000   7.805E+03  17.613E+00      18       5      54      23   881   517
  1            2.0156773   257.9221   117     1     0       117  33     9 0.0018  28     1  33     0     8 997.350E+00   1.721E+00      12       6      62      20   863   517
  1            2.0163660   122.1736     2     8     1       534  35    15 0.0018  28     1  33    13   500   5.902E+03  12.654E+00      22       5      49      23   819   517
  1            2.0174280   111.3137   236     6     2       970  35     6 0.0018  28     4  33     2    16   9.729E+03  19.421E+00      12       8      49      30   819   517
  1            2.0197142   103.1688     0     1     2         0  33     0 0.0018  28     1  33     0  1000   9.729E+03  19.421E+00      36       8      40      16   811   527
  1            2.0204865   108.5988    63     2     0       264  33     8 0.0018  28     1  33     5    15   2.690E+03   5.300E+00      19       8      44      29   863   947
  1            2.0221322  -241.6322     0     1     0         0  33     0 0.0018  28     1  33     0  1000   0.000E+00   0.000E+00      13       7      55      26   895   517
  1            2.0250262  -244.3472     0     1     0         0  33     0 0.0018  28     1  33     0  1000   0.000E+00   0.000E+00      21       8      47      24   826   517
  1            2.0255278    97.7389    65    33     2       993  38    33 0.0018  28     7  33    28   107  12.307E+03  30.116E+00      23       7      41      28   757   947
  1            2.0260423   195.4778     0     2     0         5  39   400 0.0002  10     1  33   250  1000 259.250E+00   1.588E+00      53      30      11       7   683   117
  1            2.0269418   320.3663   531    24     1       707  36    34 0.0018  28    14  33    57    26   8.360E+03  19.771E+00      13       8      53      26   847   527
  1            2.0284767   -21.7198    76    23     2       805  37    29 0.0018  28     3  33    27    39   9.830E+03  23.305E+00      17       7      45      31   789   527
  1            2.0299663   -19.0048    13     1     0        13  34    77 0.0018  28     1  33     0    76 161.650E+00 419.229E-03      13       8      58      21   875   517
  1            2.0311418   287.7867    69     1     0        70  34    14 0.0018  28     1  33     0    14 661.850E+00   1.316E+00      14       7      53      26   856   517
  1            2.0354060   -89.5940     0     1     0         0  33     0 0.0018  28     1  33     0  1000 661.850E+00   1.316E+00      16       9      46      29   871   527
  1            2.0363312   -54.2994   133     1     0       133  33     8 0.0018  28     1  33     0     7   1.278E+03   2.500E+00      22      11      36      32   841   527
  1            2.0409035   -59.7293   134     1     0       134  33     7 0.0018  28     1  33     0     7   1.321E+03   2.602E+00      15       7      50      28   859   517
  1            2.0416175   105.8838    60     7     0       311  36    23 0.0018  28     3  33    16    50   3.257E+03   7.263E+00      12       7      50      31   841   517
  1            2.0428193    38.0096   124     2     0       145  33    14 0.0018  28     1  33    47     8   1.491E+03   3.078E+00      19       7      53      21   826   527
  1            2.0450218   331.2262     0     1     0         0  33     0 0.0018  28     1  33     0  1000   1.491E+03   3.078E+00      14       7      49      30   868   527
  1            2.0455298   -46.1545     0     1     0         0  33     0 0.0018  28     1  33     0  1000   1.491E+03   3.078E+00      28       7      43      23   861   527
  1            2.0470898   138.4634    51     3     0        51  34    59 0.0018  28     3  33     0    58 704.550E+00   1.731E+00      14       6      57      23   851   517
  1            2.0490260   461.5447   436     7     1       459  35    15 0.0018  28     6  33    45    13   4.462E+03   9.093E+00      13       7      58      21   834   517
  1            2.0500655   255.2071     0     1     0        88  34    11 0.0018  28     1  33     0  1000 857.050E+00   1.674E+00      23       4      51      22   812   517
  1            2.0526865   -46.1545   225     3     0       225  33    13 0.0018  28     3  33     0    13   2.510E+03   5.263E+00      14       7      49      29   840   527
  1            2.0536638   -70.5892    64     2     0        64  35    31 0.0018  28     2  33     0    31 671.000E+00   1.407E+00      13       7      54      26   859   527
  1            2.0553907   263.3520   417    56     3       983  38    57 0.0018  28    16  33    70    38  14.112E+03  38.092E+00      16       7      56      21   816   517
  1            2.0566568   209.0526    11     8     1       744  35    11 0.0018  28     2  33     8   181   8.110E+03  17.539E+00      16       6      53      25   818   517
  1            2.0601415   114.0287    68     2     0        68  33    29 0.0018  28     2  33     0    29 671.000E+00   1.304E+00      19       9      48      24   872   527
  1            2.0608598    -5.4299    69     5     0       120  35    42 0.0018  28     3  33    40    43   1.427E+03   3.310E+00      25       6      36      33   820   527
  1            2.0621303    40.7245    65     1     0        65  33    15 0.0018  28     1  33     0    15 664.900E+00   1.335E+00      18       6      44      32   866   527
  1            2.0627223   -67.8742     0     1     0         0  33     0 0.0018  28     1  33     0  1000 664.900E+00   1.335E+00      24       6      48      22   869   517
  1            2.0633665    54.2994   171     9     1       529  38    17 0.0018  28     3  33    16    17   5.447E+03  11.667E+00      15       8      51      26   835   517
  1            2.0647768   200.9077     0     2     0       336  36     6 0.0018  28     1  33     2  1000   2.788E+03   5.273E+00      17      10      56      17   801   517
  1            2.0659175   -57.0143   323    40     2       954  37    42 0.0018  28    17  33    36    52  12.642E+03  31.934E+00      22       6      46      25   784   517
  1            2.0674187  -276.9268   705    20     2       950  35    21 0.0018  28    12  33    32    17  11.624E+03  27.120E+00      14       7      49      30   813   517
  1            2.0689543    65.1593    49     1     0        49  33    20 0.0018  28     1  33     0    20 478.850E+00 938.727E-03      19       5      57      19   870   527
  1            2.0695455   -48.8694     0     1     0         0  33     0 0.0018  28     1  33     0  1000   0.000E+00   0.000E+00      17       7      53      23   820   527
  1            2.0703340  -157.4682     1     1     0         1  33  1000 0.0018  28     1  33     0  1000  30.500E+00  96.079E-03      18       5      48      29   861   527
  1            2.0728457    78.7341     0     1     0         0  33     0 0.0018  28     1  33     0  1000  30.500E+00  96.079E-03      20       5      59      17   862   517
  1            2.0748208    10.8599   161     2     0       264  33     8 0.0018  28     1  33     9     6   2.480E+03   4.569E+00      16       5      62      17   883   517
  1            2.0759598  -116.7437    57     1     0        57  33    18 0.0018  28     1  33     0    17 555.100E+00   1.100E+00      10       6      55      30   849   527
  1            2.0765648   -21.7198    67     1     0        67  33    15 0.0018  28     1  33     0    14 671.000E+00   1.280E+00      15       4      49      32   862   527
  1            2.0773795   122.1736     6     1     0         6  33   167 0.0018  28     1  33     0   166  79.300E+00 181.359E-03      16       7      53      23   880   527
  1            2.0784193   209.0526    12     3     0        81  33    37 0.0018  28     1  33    29    83 954.650E+00   2.166E+00      15       7      46      32   821   527
  1            2.0790455  -138.4634    11    28     2       999  36    28 0.0018  28     1  33    27    90  10.623E+03  24.524E+00      14       7      45      34   819   527
  1            2.0805698    70.5892   547   151     4       969  39   156 0.0018  28    77  33   175   140  18.190E+03  63.374E+00      16       5      48      31   770   517
  1            2.0818230  -314.9364   452    19     1       709  36    27 0.0018  28    14  33    19    30   8.415E+03  19.753E+00      12       7      58      23   821   517
  1            2.0831250   -89.5940    14     2     0        14  34   143 0.0018  28     2  33     0   142 207.400E+00 550.966E-03      14       6      53      28   843   517
  1            2.0842702  -122.1736     0     1     0         0  33     0 0.0002  11     1  33     0  1000   6.100E+00  41.895E-03      89       7       3       1   861   126
  1            2.0857718   162.8981   245    22     2       983  36    22 0.0018  28     8  33    18    32  11.474E+03  26.007E+00      14       4      40      42   846   527
  1            2.0872995    32.5796    10     2     0       165  35    12 0.0018  28     1  33     6   100   1.595E+03   3.164E+00      18       7      41      34   835   527
  1            2.0883253   -13.5748   635     9     2       999  34     9 0.0018  28     7  33     5    11  10.794E+03  22.738E+00      16       5      48      31   851   947
  1            2.0898045  -211.7676   317     2     0       317  33     6 0.0018  28     2  33     0     6   2.830E+03   5.255E+00      16       7      50      27   850   517
  1            2.0907398  -122.1736     0     1     0         2  33   500 0.0018  28     1  33     0  1000  30.500E+00 119.075E-03      18       8      54      21   857   517
  1            2.0929428   219.9125     0     1     0         0  33     0 0.0018  28     1  33     0  1000  30.500E+00 119.075E-03      22       6      44      28   846   527
  1            2.0936487   388.2406   244    31     2       993  36    31 0.0018  28     8  33    30    32  12.392E+03  30.276E+00      29       7      30      33   768   527
  1            2.0949007   -46.1545   381    15     2       991  35    15 0.0018  28     9  33     9    23  11.389E+03  25.415E+00      25       5      32      38   838   947
  1            2.0961518  -119.4586    67    25     2       971  36    26 0.0018  28     4  33    23    59  12.179E+03  28.822E+00      26       7      33      34   804   947
  1            2.0974088   -89.5940     0     1     2         0  33     0 0.0018  28     1  33     0  1000  12.179E+03  28.822E+00      23       8      44      24   854   517
  1            2.1041350   149.3233    69    13     1       678  35    19 0.0018  28     4  33    14    57   7.741E+03  17.389E+00      25       8      32      35   795   585
  1            2.1117658    16.2898     0     1     0         0  33     0 0.0018  28     1  33     0  1000   0.000E+00   0.000E+00      23      10      40      27   899   527
  1            2.1195647  -377.3807    80     1     0        80  33    13 0.0018  28     1  33     0    12 783.850E+00   1.437E+00      25       8      38      28   868   527
  1            2.1231997    67.8742    80     2     0       277  34     7 0.0018  28     1  33     5    12   2.846E+03   5.687E+00      24       8      41      28   803   517
  1            2.1240572    24.4347    21     2     0        23  34    87 0.0018  28     1  33  1000    47 240.950E+00 500.785E-03      24       7      45      24   839   517
  1            2.1247953   -16.2898   116     4     0       395  36    10 0.0018  28     2  33     7    17   4.099E+03   8.673E+00      28       8      34      29   789   517
  1            2.1257078   127.6035   144     5     0       373  35    13 0.0018  28     3  33     8    20   4.035E+03   8.657E+00      27       9      31      33   815   947
  1            2.1266395    84.1640    68     1     0        68  33    15 0.0018  28     1  33     0    14 646.600E+00   1.264E+00      15       8      33      44   899   527
  1            2.1279923   301.3615    50     1     0        50  33    20 0.0018  28     1  33     0    20 420.900E+00 705.233E-03      20      10      30      40   885   947
  1            2.1291868   138.4634     0     1     0         0  33     0 0.0018  28     1  33     0  1000   0.000E+00   0.000E+00      34      11      30      24   877   947
 15                     		Acquisition Aborted
