
PCI2 (r) Location Version 
Version E5.90

3/22/2019, 1:55:42 PM

128            0.0000000		Acquisition Running
 ID     SSSSSSSS.mmmuuun      PARA1  RISE  COUN  ENER  DURATION AMP A-FRQ    RMS ASL PCNTS THR R-FRQ I-FRQ SIG STRNGTH  ABS-ENERGY FREQPP1 FREQPP2 FREQPP3 FREQPP4 FRQ-C P-FRQ
  1            0.0002500   447.9699   410   822    61      1000  61   822 0.0290  52   342  33   814   834 270.785E+03  11.024E+03       5       2      57      37   719   947
  1            0.0015000   377.3807   323   751    53      1000  60   751 0.0290  52   236  33   761   730 238.525E+03   9.016E+03       5       2      58      36   711   947
  1            0.0027500   233.4873   526   820    59      1000  61   820 0.0290  52   417  33   852   792 264.392E+03  10.907E+03       5       2      59      34   730   947
  1            0.0040000   369.2358   305   737    52      1000  60   737 0.0290  52   240  33   716   786 233.453E+03   8.788E+03       4       2      60      34   717   947
  1            0.0052500   228.0574   299   790    58      1000  60   790 0.0290  52   240  33   785   802 257.322E+03  10.262E+03       4       1      57      37   733   947
  1            0.0065005   567.4285   611   806    61      1000  62   806 0.0290  52   486  33   824   795 274.119E+03  11.750E+03       5       2      56      38   705   947
  1            0.0077500   534.8489   813   783    56      1000  61   783 0.0290  52   630  33   822   774 247.867E+03   9.794E+03       5       2      56      38   716   947
  1            0.0090000   105.8838   322   730    51      1000  61   730 0.0296  52   246  33   714   763 229.561E+03   8.384E+03       4       2      58      36   709   947
  1            0.0102500   551.1387   174   707    50      1000  60   707 0.0296  52   128  33   701   735 224.950E+03   8.077E+03       4       2      60      34   699   527
  1            0.0115000   437.1100   584   809    60      1000  61   809 0.0296  52   448  33   869   767 267.165E+03  11.203E+03       4       2      60      35   708   527
  1            0.0127502   453.3998   612   851    67      1000  62   851 0.0296  52   520  33   855   849 298.064E+03  13.455E+03       5       2      60      34   726   947
  1            0.0140003   510.4142   111   732    52      1000  60   732 0.0296  52    95  33   717   855 232.581E+03   8.704E+03       4       2      57      37   720   947
  1            0.0152503   447.9699   393   730    53      1000  61   730 0.0296  52   297  33   714   755 235.881E+03   8.934E+03       4       2      56      38   707   947
  1            0.0165000   268.7819    18   781    57      1000  62   781 0.0296  52    16  33   779   888 252.333E+03  10.065E+03       4       2      56      38   735   947
  1            0.0177502   152.0383   620   805    59      1000  61   805 0.0296  52   494  33   820   796 264.310E+03  10.829E+03       5       2      56      38   732   947
  1            0.0190000   431.6801   543   772    58      1000  61   772 0.0298  52   407  33   800   749 257.152E+03  10.441E+03       4       2      59      35   711   947
  1            0.0202500   358.3759   899   741    54      1000  61   741 0.0298  52   668  33   730   743 240.020E+03   9.177E+03       4       1      57      37   720   947
  1            0.0215002   600.0081   864   781    57      1000  61   781 0.0298  52   672  33   807   777 253.159E+03  10.183E+03       4       2      59      35   707   947
  1            0.0227500   407.2453    60   838    62      1000  61   838 0.0298  52    55  33   833   916 277.416E+03  12.001E+03       5       2      56      37   752   947
  1            0.0240000   456.1148   246   712    51      1000  60   712 0.0298  52   179  33   707   727 226.908E+03   8.191E+03       4       2      57      37   708   527
  1            0.0052500   228.0574   299   790    58      1000  60   790 0.0290  52   240  33   785   802 257.322E+03  10.262E+03       4       1      57      37   733   947
  1            0.0065005   567.4285   611   806    61      1000  62   806 0.0290  52   486  33   824   795 274.119E+03  11.750E+03       5       2      56      38   705   947
  1            0.0077500   534.8489   813   783    56      1000  61   783 0.0290  52   630  33   822   774 247.867E+03   9.794E+03       5       2      56      38   716   947
  1            0.0090000   105.8838   322   730    51      1000  61   730 0.0296  52   246  33   714   763 229.561E+03   8.384E+03       4       2      58      36   709   947
  1            0.0102500   551.1387   174   707    50      1000  60   707 0.0296  52   128  33   701   735 224.950E+03   8.077E+03       4       2      60      34   699   527
  1            0.0115000   437.1100   584   809    60      1000  61   809 0.0296  52   448  33   869   767 267.165E+03  11.203E+03       4       2      60      35   708   527
  1            0.0127502   453.3998   612   851    67      1000  62   851 0.0296  52   520  33   855   849 298.064E+03  13.455E+03       5       2      60      34   726   947
  1            0.0140003   510.4142   111   732    52      1000  60   732 0.0296  52    95  33   717   855 232.581E+03   8.7
